17
Boa Saude
Bom Jesus
Brejinho
Jundia
Lagoa dAnta
Lagoa de Pedras
Lagoa Salgada
Monte Alegre
Nova Cruz
Passa e Fica
Passagem
Santo Antonio
Senador Eloi de Souza
Serra Caiada
Serrinha
Varzea
Vera Cruz
0.00;9999.99;9999.99;9999.99;9999.99;9999.99;19.00;9999.99;9999.99;9999.99;34.00;9999.99;9999.99;14.00;18.00;9999.99;25.00
9999.99;0.00;9999.99;9999.99;9999.99;9999.99;25.00;65.60;9999.99;9999.99;9999.99;9999.99;16.00;21.00;9999.99;9999.99;24.00
9999.99;9999.99;0.00;11.50;9999.99;13.00;20.00;16.20;9999.99;9999.99;13.00;19.50;9999.99;9999.99;9999.99;9999.99;27.00
9999.99;9999.99;11.50;0.00;9999.99;22.20;30.30;23.60;9999.99;9999.99;6.00;22.1;9999.99;9999.99;9999.99;12.00;38.00
9999.99;9999.99;9999.99;9999.99;0.00;9999.99;9999.99;9999.99;9999.99;9.10;9999.99;32.00;9999.99;49.2;9999.99;9999.99;9999.99
9999.99;9999.99;13.00;22.20;9999.99;0.00;7.50;17.60;9999.99;9999.99;20.80;9999.99;9999.99;9999.99;17.8;9999.99;14.00
19.00;25.00;20.00;30.30;9999.99;7.50;0.00;19.50;9999.99;9999.99;9999.99;9999.99;30.7;9999.99;9999.99;9999.99;16.00
9999.99;65.60;16.20;23.60;9999.99;17.60;19.50;0.00;9999.99;9999.99;9999.99;9999.99;9999.99;9999.99;9999.99;9999.99;13.00
9999.99;9999.99;9999.99;9999.99;9999.99;9999.99;9999.99;9999.99;0.00;26.10;9999.99;20.60;9999.99;9999.99;9999.99;9999.99;9999.99
9999.99;9999.99;9999.99;9999.99;9.10;9999.99;9999.99;9999.99;26.10;0.00;9999.99;32.00;9999.99;49.40;9999.99;9999.99;9999.99
34.00;9999.99;13.00;6.00;9999.99;20.80;9999.99;9999.99;9999.99;9999.99;0.00;13.70;9999.99;9999.99;17.4;9.40;9999.99
9999.99;9999.99;19.50;22.1;32.00;9999.99;9999.99;9999.99;20.60;32.00;13.70;0.00;9999.99;9999.99;4.50;14.00;9999.99
9999.99;16.00;9999.99;9999.99;9999.99;9999.99;30.7;9999.99;9999.99;9999.99;9999.99;9999.99;0.00;10.70;9999.99;9999.99;9999.99
14.00;21.00;9999.99;9999.99;49.2;9999.99;9999.99;9999.99;9999.99;49.40;9999.99;9999.99;10.70;0.00;9999.99;9999.99;9999.99
18.00;9999.99;9999.99;9999.99;9999.99;17.8;9999.99;9999.99;9999.99;9999.99;17.4;4.50;9999.99;9999.99;0.00;9999.99;9999.99
9999.99;9999.99;9999.99;12.00;9999.99;9999.99;9999.99;9999.99;9999.99;9999.99;9.40;14.00;9999.99;9999.99;9999.99;0.00;9999.99
25.00;24.00;27.00;38.00;9999.99;14.00;16.00;13.00;9999.99;9999.99;9999.99;9999.99;9999.99;9999.99;9999.99;9999.99;0.00