17
Boa Saude
Bom Jesus
Brejinho
Jundia
Lagoa d'Anta
Lagoa de Pedras
Lagoa Salgada
Monte Alegre
Nova Cruz
Passa e Fica
Passagem
Santo Antonio
Senador Eloi de Souza
Serra Caiada
Serrinha
Varzea
Vera Cruz
0.00;1000.00;1000.00;1000.00;1000.00;1000.00;19.00;1000.00;1000.00;1000.00;34.00;1000.00;1000.00;14.00;18.00;1000.00;25.00
1000.00;0.00;1000.00;1000.00;1000.00;1000.00;25.00;65.60;1000.00;1000.00;1000.00;1000.00;16.00;21.00;1000.00;1000.00;24.00
1000.00;1000.00;0.00;11.50;1000.00;13.00;20.00;16.20;1000.00;1000.00;13.00;19.50;1000.00;1000.00;1000.00;1000.00;27.00
1000.00;1000.00;11.50;0.00;1000.00;22.20;30.30;23.60;1000.00;1000.00;6.00;22.1;1000.00;1000.00;1000.00;12.00;38.00
1000.00;1000.00;1000.00;1000.00;0.00;1000.00;1000.00;1000.00;1000.00;9.10;1000.00;32.00;1000.00;49.2;1000.00;1000.00;1000.00
1000.00;1000.00;13.00;22.20;1000.00;0.00;7.50;17.60;1000.00;1000.00;20.80;1000.00;1000.00;1000.00;17.8;1000.00;14.00
19.00;25.00;20.00;30.30;1000.00;7.50;0.00;19.50;1000.00;1000.00;1000.00;1000.00;30.7;1000.00;1000.00;1000.00;16.00
1000.00;65.60;16.20;23.60;1000.00;17.60;19.50;0.00;1000.00;1000.00;1000.00;1000.00;1000.00;1000.00;1000.00;1000.00;13.00
1000.00;1000.00;1000.00;1000.00;1000.00;1000.00;1000.00;1000.00;0.00;26.10;1000.00;20.60;1000.00;1000.00;1000.00;1000.00;1000.00
1000.00;1000.00;1000.00;1000.00;9.10;1000.00;1000.00;1000.00;26.10;0.00;1000.00;32.00;1000.00;49.40;1000.00;1000.00;1000.00
34.00;1000.00;13.00;6.00;1000.00;20.80;1000.00;1000.00;1000.00;1000.00;0.00;13.70;1000.00;1000.00;17.4;9.40;1000.00
1000.00;1000.00;19.50;22.1;32.00;1000.00;1000.00;1000.00;20.60;32.00;13.70;0.00;1000.00;1000.00;4.50;14.00;1000.00
1000.00;16.00;1000.00;1000.00;1000.00;1000.00;30.7;1000.00;1000.00;1000.00;1000.00;1000.00;0.00;10.70;1000.00;1000.00;1000.00
14.00;21.00;1000.00;1000.00;49.2;1000.00;1000.00;1000.00;1000.00;49.40;1000.00;1000.00;10.70;0.00;1000.00;1000.00;1000.00
18.00;1000.00;1000.00;1000.00;1000.00;17.8;1000.00;1000.00;1000.00;1000.00;17.4;4.50;1000.00;1000.00;0.00;1000.00;1000.00
1000.00;1000.00;1000.00;12.00;1000.00;1000.00;1000.00;1000.00;1000.00;1000.00;9.40;14.00;1000.00;1000.00;1000.00;0.00;1000.00
25.00;24.00;27.00;38.00;1000.00;14.00;16.00;13.00;1000.00;1000.00;1000.00;1000.00;1000.00;1000.00;1000.00;1000.00;0.00